      fo   2  5    2.00  1    1.00 10    4.00  0         -2172.20   0.09510   4.3660
         0.2333    0.000001494    -603.8   -1.8697         0.0000613    10.000  1250.00     4.00   -0.18750    0
      fa   2  4    2.00  1    1.00 10    4.00  0         -1478.15   0.15100   4.6310
         0.2011    0.000017330   -1960.6   -0.9009         0.0000505    10.000  1330.00     4.00   -0.19950    0
    teph   2  6    2.00  1    1.00 10    4.00  0         -1732.28   0.15590   4.8990
         0.2196    0.000000000   -1292.7   -1.3083         0.0000505    10.000  1200.00     4.00   -0.18000    0
     lrn   2  7    2.00  1    1.00 10    4.00  0         -2307.20   0.12760   5.1600
         0.2475   -0.000003206       0.0   -2.0519         0.0000505    10.000  1200.00     4.00   -0.18000    1   1710   0.01003    0.0500
    mont   1  7    1.00  5    1.00  1    1.00 10    4.00  0         -2253.05   0.10810   5.1480
         0.2507   -0.000010433    -797.2   -1.9961         0.0000563    10.000  1120.00     4.00   -0.16800    0
    chum   8  5    9.00  1    4.00 10   18.00 11    2.00  0         -9607.32   0.44500  19.7850
         1.0700   -0.000016533   -7899.6   -7.3739         0.0000610    10.000  1290.00     4.00   -0.19350    0
      py   3  5    3.00  3    2.00  1    3.00 10   12.00  0         -6284.72   0.26630  11.3180
         0.6335    0.000000000   -5196.1   -4.3152         0.0000436    10.000  1737.00     4.00   -0.26055    0
     alm   3  4    3.00  3    2.00  1    3.00 10   12.00  0         -5263.52   0.34000  11.5110
         0.6773    0.000000000   -3772.7   -5.0440         0.0000403    10.000  1690.00     4.00   -0.25350    0
    spss   3  6    3.00  3    2.00  1    3.00 10   12.00  0         -5646.40   0.36700  11.7920
         0.5846   -0.000001593   -7516.7   -2.7501         0.0000462    10.000  1790.00     4.00   -0.26850    0
      gr   3  7    3.00  3    2.00  1    3.00 10   12.00  0         -6644.15   0.25500  12.5350
         0.6260    0.000000000   -5779.2   -4.0029         0.0000393    10.000  1680.00     4.00   -0.25200    0
    andr   3  7    3.00  4    2.00  1    3.00 10   12.00  0         -5768.13   0.31800  13.2040
         0.6386    0.000000000   -4955.1   -3.9892         0.0000393    10.000  1590.00     4.00   -0.23850    0
    osm1   2  9    1.00  5    2.00  3    5.00  1   10.00 10   30.00  0        -14968.19   0.70100  37.8930
         1.6258   -0.000035548   -8063.5  -13.4909         0.0000076    10.000   810.00     4.00   -0.12150    0
    osm2   3  9    1.00  5    3.00  3    3.00  1   11.00 10   30.00  0        -14810.34   0.72400  38.4400
         1.6106   -0.000034457   -8262.1  -13.1288         0.0000076    10.000   810.00     4.00   -0.12150    0
    fosm   1  9    1.00  4    2.00  3    5.00  1   10.00 10   30.00  0        -14248.46   0.76200  38.3200
         1.6560   -0.000034163   -6497.7  -14.1143         0.0000080    10.000   800.00     4.00   -0.12000    0
     vsv   1  7   19.00  5    2.00  3   11.00  1   18.00 10   78.00 11    9.00  0        -42352.67   1.89000  85.2000
         4.4880   -0.000057952  -22269.3  -33.4780         0.0000500    10.000  1670.00     4.00   -0.25050    0
     and   1  3    2.00  1    1.00 10    5.00  0         -2588.80   0.09270   5.1530
         0.2773   -0.000006588   -1914.1   -2.2656         0.0000411    10.000  1334.00     4.00   -0.20010    0
      ky   1  3    2.00  1    1.00 10    5.00  0         -2593.11   0.08350   4.4140
         0.2794   -0.000007124   -2055.6   -2.2894         0.0000404    10.000  1590.00     4.00   -0.23850    0
    sill   1  3    2.00  1    1.00 10    5.00  0         -2585.68   0.09550   4.9860
         0.2802   -0.000006900   -1375.7   -2.3994         0.0000221    10.000  1320.00     4.00   -0.19800    1   2200   0.00400    0.0350
     tpz   1  3    2.00  1    1.00 10    6.00 11    2.00  0         -2904.98   0.10050   5.3390
         0.3877   -0.000007120    -857.2   -3.7442         0.0000404    10.000  1315.00     4.00   -0.19725    0
     mst   4  5    4.00  3   18.00  1    7.50 10   48.00 11    4.00  0        -25101.49   0.91000  44.2600
         2.8205   -0.000059366  -13774.0  -24.1260         0.0000120    10.000  1200.00     4.00   -0.18000    0
     fst   4  4    4.00  3   18.00  1    7.50 10   48.00 11    4.00  0        -23753.93   1.01000  44.8800
         2.8800   -0.000056595  -10642.0  -25.3730         0.0000120    10.000  1200.00     4.00   -0.18000    0
    mnst   4  6    4.00  3   18.00  1    7.50 10   48.00 11    4.00  0        -24203.88   1.02400  45.4600
         2.8733   -0.000089064  -12688.0  -24.7490         0.0000120    10.000  1200.00     4.00   -0.18000    0
    mctd   1  5    1.00  3    2.00  1    1.00 10    7.00 11    2.00  0         -3551.42   0.14000   6.8750
         0.4644   -0.000012654   -1147.2   -4.3410         0.0000542    10.000  1465.00     4.00   -0.21975    0
    fctd   1  4    1.00  3    2.00  1    1.00 10    7.00 11    2.00  0         -3215.38   0.15500   6.9800
         0.4846   -0.000013808    -198.9   -4.7622         0.0000542    10.000  1465.00     4.00   -0.21975    0
   mnctd   1  6    1.00  3    2.00  1    1.00 10    7.00 11    2.00  0         -3329.28   0.16600   7.1750
         0.4644   -0.000012654   -1147.2   -4.3410         0.0000542    10.000  1465.00     4.00   -0.21975    0
    merw   1  7    3.00  5    1.00  1    2.00 10    8.00  0         -4546.42   0.25310   9.8470
         0.4175    0.000008117   -2923.0   -2.3203         0.0000615    10.000  1200.00     4.00   -0.18000    0
     spu   5  7    5.00  1    2.00 12    1.00 10   11.00  0         -5849.52   0.33000  14.6970
         0.6141   -0.000003508   -2493.1   -4.1680         0.0000650    10.000   950.00     4.00   -0.14250    0
      zo   1  7    2.00  3    3.00  1    3.00 10   13.00 11    1.00  0         -6898.61   0.29700  13.5750
         0.5957    0.000062297   -5921.3   -3.3947         0.0000670    10.000  1120.00     4.00   -0.16800    0
      cz   1  7    2.00  3    3.00  1    3.00 10   13.00 11    1.00  0         -6898.15   0.30100  13.6300
         0.5670    0.000018063   -7034.0   -2.6030         0.0000460    10.000  1120.00     4.00   -0.16800    0
     fep   2  7    2.00  3    1.00  4    2.00  1    3.00 10   13.00 11    1.00  0         -6002.18   0.35700  14.1900
         0.5201    0.000031499  -15426.0    0.2188         0.0000505    10.000  1294.00     4.00   -0.19928    0
      ep   2  7    2.00  3    2.00  4    1.00  1    3.00 10   13.00 11    1.00  0         -6463.21   0.32800  13.9100
         0.5446    0.000024781  -11230.0   -1.1921         0.0000505    10.000  1233.00     4.00   -0.18495    0
     law   1  7    1.00  3    2.00  1    2.00 10   10.00 11    4.00  0         -4869.14   0.23000  10.1320
         0.6878    0.000001566     375.9   -7.1792         0.0000582    10.000  1014.00     4.00   -0.15210    0
    pump   4  7    4.00  3    5.00  5    1.00  1    6.00 10   28.00 11    7.00  0        -14389.50   0.62900  29.5500
         1.7208   -0.000024928   -5998.7  -14.6203         0.0000500    10.000  1615.00     4.00   -0.24225    0
     geh   1  7    2.00  3    2.00  1    1.00 10    7.00  0         -3986.88   0.20200   9.0240
         0.4057   -0.000007099   -1188.3   -3.1744         0.0000417    10.000  1080.00     4.00   -0.16200    1    700   0.01100    0.0970
      ak   1  7    2.00  5    1.00  1    2.00 10    7.00  0         -3866.36   0.21250   9.2540
         0.3854    0.000003209    -247.5   -2.8899         0.0000508    10.000  1420.00     4.00   -0.21300    0
     rnk   3  7    3.00  1    2.00 10    7.00  0         -3944.43   0.21000   9.6510
         0.3723   -0.000002893   -2462.4   -2.1813         0.0000650    10.000   950.00     4.00   -0.14250    0
      ty   5  7    5.00  1    2.00 12    2.00 10   13.00  0         -6368.16   0.39000  17.0390
         0.7417   -0.000005345   -1434.6   -5.8785         0.0000650    10.000   950.00     4.00   -0.14250    0
     crd   1  5    2.00  3    4.00  1    5.00 10   18.00  0         -9163.37   0.40750  23.3220
         0.8213    0.000043339   -8211.2   -5.0000         0.0000076    10.000   810.00     4.00   -0.12150    1   1800   0.02000    0.2000
    hcrd   1  5    2.00  3    4.00  1    5.00 10   19.00 11    2.00  0         -9446.98   0.48730  23.3220
         0.8697    0.000051995   -7723.7   -5.2512         0.0000076    10.000   810.00     4.00   -0.12150    1   1800   0.02000    0.2000
    fcrd   2  4    2.00  3    4.00  1    5.00 10   18.00  0         -8436.07   0.47500  23.7100
         0.8515    0.000044724   -6645.0   -5.6234         0.0000076    10.000   810.00     4.00   -0.12150    1   1800   0.02000    0.2000
   mncrd   1  6    2.00  3    4.00  1    5.00 10   18.00  0         -8681.18   0.47500  24.0270
         0.8477    0.000028490   -7668.2   -5.3114         0.0000076    10.000   810.00     4.00   -0.12150    1   1800   0.02000    0.2000
     phA   7  5    7.00  1    2.00 10   14.00 11    6.00  0         -7130.41   0.35000  15.4420
         0.9640   -0.000011521   -4517.8   -7.7247         0.0000826    10.000  1450.00     4.00   -0.21750    0
     sph   1  7    1.00  2    1.00  1    1.00 10    5.00  0         -2595.55   0.13120   5.5650
         0.2337    0.000004043   -2306.5   -1.2076         0.0000420    10.000  1100.00     4.00   -0.16500    0
     zrc   2 16    1.00  1    1.00 10    4.00  0         -2032.77   0.08403   3.9260
         0.2370   -0.000017880    -149.6   -2.2678         0.0000222    10.000  1160.00     4.00   -0.17400    0
      en   1  5    2.00  1    2.00 10    6.00  0         -3090.47   0.13250   6.2620
         0.3562   -0.000002990    -596.9   -3.1853         0.0000505    10.000  1070.00     4.00   -0.16050    0
      fs   2  4    2.00  1    2.00 10    6.00  0         -2388.63   0.19060   6.5920
         0.3987   -0.000006579    1290.1   -4.0580         0.0000632    10.000  1010.00     4.00   -0.15150    0
    mgts   1  5    1.00  3    2.00  1    1.00 10    6.00  0         -3189.32   0.13100   5.9000
         0.3714   -0.000004082    -398.4   -3.5471         0.0000508    10.000  1144.00     4.00   -0.17160    0
      di   1  7    1.00  5    1.00  1    2.00 10    6.00  0         -3202.76   0.14270   6.6190
         0.3145    0.000000041   -2745.9   -2.0201         0.0000570    10.000  1223.00     4.00   -0.18345    0
     hed   2  7    1.00  4    1.00  1    2.00 10    6.00  0         -2844.16   0.17420   6.7950
         0.3402    0.000000812   -1047.8   -2.6467         0.0000570    10.000  1200.00     4.00   -0.18000    0
      jd   1  8    1.00  3    1.00  1    2.00 10    6.00  0         -3027.85   0.13350   6.0400
         0.3011    0.000010143   -2239.3   -2.0551         0.0000466    10.000  1284.00     4.00   -0.19260    0
     acm   1  8    1.00  4    1.00  1    2.00 10    6.00  0         -2586.65   0.17060   6.4590
         0.3071    0.000016758   -1685.5   -2.1258         0.0000466    10.000  1060.00     4.00   -0.15900    0
    cats   1  7    1.00  3    2.00  1    1.00 10    6.00  0         -3307.03   0.13800   6.3560
         0.3476   -0.000006974   -1781.6   -2.7575         0.0000443    10.000  1140.00     4.00   -0.17100    0
    rhod   1  6    1.00  1    1.00 10    3.00  0         -1321.75   0.10050   3.4940
         0.1384    0.000004088   -1936.0   -0.5389         0.0000508    10.000  1250.00     4.00   -0.18750    0
    pxmn   1  6    1.00  1    1.00 10    3.00  0         -1322.53   0.09930   3.4720
         0.1384    0.000004088   -1936.0   -0.5389         0.0000508    10.000  1250.00     4.00   -0.18750    0
      wo   1  7    1.00  1    1.00 10    3.00  0         -1634.06   0.08250   3.9930
         0.1593    0.000000000    -967.3   -1.0754         0.0000460    10.000   795.00     4.00   -0.11925    0
    pswo   1  7    1.00  1    1.00 10    3.00  0         -1627.69   0.08820   4.0080
         0.1578    0.000000000    -967.3   -1.0754         0.0000539    10.000  1050.00     4.00   -0.15750    0
      tr   2  7    2.00  5    5.00  1    8.00 10   24.00 11    2.00  0        -12310.38   0.55000  27.2700
         1.2602    0.000003830  -11455.0   -8.2376         0.0000534    10.000   762.00     4.00   -0.11430    0
    fact   5  7    2.00  4    5.00  1    8.00 10   24.00 11    2.00  0        -10511.24   0.70500  28.2800
         1.2900    0.000029991   -8447.5   -8.9470         0.0000534    10.000   760.00     4.00   -0.11400    0
      ts   2  7    2.00  5    3.00  3    4.00  1    6.00 10   24.00 11    2.00  0        -12541.20   0.54500  26.8000
         1.2448    0.000024348  -11965.0   -8.1121         0.0000534    10.000   760.00     4.00   -0.11400    0
    parg   4  8    1.00  7    2.00  5    4.00  3    3.00  1    6.00 10   24.00 11    2.00  0        -12720.65   0.60100  27.1900
         1.2802    0.000022997  -12359.5   -8.0658         0.0000534    10.000   912.00     4.00   -0.13680    0
      gl   2  8    2.00  5    3.00  3    2.00  1    8.00 10   24.00 11    2.00  0        -11969.47   0.53500  26.0500
         1.7175   -0.000121070    7075.0  -19.2720         0.0000530    10.000   883.00     4.00   -0.13245    0
     fgl   3  8    2.00  3    2.00  4    3.00  1    8.00 10   24.00 11    2.00  0        -10889.74   0.62400  26.5900
         1.7629   -0.000118992    9423.7  -20.2071         0.0000530    10.000   890.00     4.00   -0.13350    0
    rieb   2  8    2.00  4    5.00  1    8.00 10   24.00 11    2.00  0        -10035.24   0.69100  27.4900
         1.7469   -0.000113572    9370.3  -19.4687         0.0000530    10.000   890.00     4.00   -0.13350    0
    anth   2  5    7.00  1    8.00 10   24.00 11    2.00  0        -12069.20   0.53600  26.5400
         1.2773    0.000025825   -9704.6   -9.0747         0.0000500    10.000   700.00     4.00   -0.10500    0
   fanth   7  4    7.00  1    8.00 10   24.00 11    2.00  0         -9627.23   0.72500  27.8700
         1.3831    0.000030669   -4224.7  -11.2576         0.0000500    10.000   700.00     4.00   -0.10500    0
    cumm   2  5    7.00  1    8.00 10   24.00 11    2.00  0        -12057.48   0.54000  26.3300
         1.2773    0.000025825   -9704.6   -9.0747         0.0000500    10.000   700.00     4.00   -0.10500    0
    grun   7  4    7.00  1    8.00 10   24.00 11    2.00  0         -9613.20   0.73000  27.8400
         1.3831    0.000030669   -4224.7  -11.2576         0.0000500    10.000   648.00     4.00   -0.09720    0
     ged   5  5    5.00  3    4.00  1    6.00 10   24.00 11    2.00  0        -12319.43   0.51500  25.8000
         1.3077    0.000023642   -9307.4   -9.7990         0.0000480    10.000   770.00     4.00   -0.11550    0
    spr4   4  5    4.00  3    8.00  1    2.00 10   20.00  0        -11019.62   0.44300  19.9050
         1.1603   -0.000024324   -7706.6   -8.9742         0.0000490    10.000  1200.00     4.00   -0.18000    0
    spr7   4  5    3.50  3    9.00  1    1.50 10   20.00  0        -11065.63   0.44800  19.7750
         1.1679   -0.000024870   -7607.3   -9.1553         0.0000490    10.000  1200.00     4.00   -0.18000    0
    fspr   4  4    3.50  3    9.00  1    1.50 10   20.00  0         -9835.51   0.55100  20.3910
         1.2578   -0.000022171   -1664.0  -11.3484         0.0000490    10.000  1200.00     4.00   -0.18000    0
    mcar   1  5    1.00  3    2.00  1    2.00 10   10.00 11    4.00  0         -4781.24   0.21000  10.5900
         0.6678   -0.000012559   -1167.1   -6.4400         0.0000500    10.000   525.00     4.00   -0.07875    0
    fcar   1  4    1.00  3    2.00  1    2.00 10   10.00 11    4.00  0         -4413.20   0.25500  10.6900
         0.6748   -0.000010092    -715.8   -6.5545         0.0000500    10.000   525.00     4.00   -0.07875    0
    deer  12  4   18.00  1   12.00 10   50.00 11   10.00  0        -18347.65   1.65000  55.7400
         3.1644   -0.000027883   -5039.1  -26.7210         0.0000500    10.000   630.00     4.00   -0.09450    0
      mu   2  9    1.00  3    3.00  1    3.00 10   12.00 11    2.00  0         -5984.18   0.29200  14.0830
         0.7564   -0.000019840   -2170.0   -6.9792         0.0000596    10.000   490.00     4.00   -0.07350    0
     cel   1  9    1.00  5    1.00  3    1.00  1    4.00 10   12.00 11    2.00  0         -5842.42   0.29000  13.9570
         0.7412   -0.000018748   -2368.8   -6.6169         0.0000596    10.000   700.00     4.00   -0.10500    0
    fcel   1  9    1.00  4    1.00  3    1.00  1    4.00 10   12.00 11    2.00  0         -5477.43   0.32900  14.0700
         0.7563   -0.000019147   -1586.1   -6.9287         0.0000596    10.000   700.00     4.00   -0.10500    0
      pa   1  8    1.00  3    3.00  1    3.00 10   12.00 11    2.00  0         -5946.34   0.27600  13.2110
         0.8030   -0.000031580     217.0   -8.1510         0.0000774    10.000   550.00     4.00   -0.08250    0
      ma   1  7    1.00  3    4.00  1    2.00 10   12.00 11    2.00  0         -6241.23   0.26700  12.9640
         0.7444   -0.000016800   -2074.4   -6.7832         0.0000487    10.000  1300.00     4.00   -0.19500    0
     phl   2  9    1.00  5    3.00  3    1.00  1    3.00 10   12.00 11    2.00  0         -6219.16   0.32800  14.9640
         0.7703   -0.000036939   -2328.9   -6.5316         0.0000579    10.000   513.00     4.00   -0.07695    0
     ann   3  9    1.00  4    3.00  3    1.00  1    3.00 10   12.00 11    2.00  0         -5151.67   0.41800  15.4320
         0.8157   -0.000034861      19.8   -7.4667         0.0000579    10.000   513.00     4.00   -0.07695    0
    mnbi   2  9    1.00  6    3.00  3    1.00  1    3.00 10   12.00 11    2.00  0         -5462.84   0.43300  15.2640
         0.8099   -0.000059213   -1514.4   -6.9987         0.0000579    10.000   513.00     4.00   -0.07695    0
    east   2  9    1.00  5    2.00  3    3.00  1    2.00 10   12.00 11    2.00  0         -6338.17   0.31800  14.7380
         0.7855   -0.000038031   -2130.3   -6.8937         0.0000579    10.000   513.00     4.00   -0.07695    0
    naph   1  8    1.00  5    3.00  3    1.00  1    3.00 10   12.00 11    2.00  0         -6172.82   0.31800  14.4500
         0.7735   -0.000040229   -2597.9   -6.5126         0.0000579    10.000   513.00     4.00   -0.07695    0
    clin   2  5    5.00  3    2.00  1    3.00 10   18.00 11    8.00  0         -8912.41   0.43050  21.0900
         1.1618    0.000010133   -7657.3   -9.6909         0.0000398    10.000   870.00     4.00   -0.13050    0
    ames   2  5    4.00  3    4.00  1    2.00 10   18.00 11    8.00  0         -9034.44   0.41000  20.5200
         1.1770    0.000009041   -7458.7  -10.0530         0.0000398    10.000   870.00     4.00   -0.13050    0
   afchl   2  5    6.00  1    4.00 10   18.00 11    8.00  0         -8727.38   0.42800  21.6600
         1.1466    0.000011225   -7855.9   -9.3288         0.0000398    10.000   870.00     4.00   -0.13050    0
    daph   3  4    5.00  3    2.00  1    3.00 10   18.00 11    8.00  0         -7134.85   0.56500  21.3400
         1.2374    0.000013594   -3743.0  -11.2500         0.0000398    10.000   870.00     4.00   -0.13050    0
   mnchl   2  6    5.00  3    2.00  1    3.00 10   18.00 11    8.00  0         -7666.53   0.59500  22.5900
         1.2278   -0.000026990   -6299.8  -10.4694         0.0000398    10.000   870.00     4.00   -0.13050    0
     sud   2  5    2.00  3    4.00  1    3.00 10   18.00 11    8.00  0         -8626.16   0.40400  20.3000
         1.4361   -0.000048749   -2748.5  -13.7640         0.0000398    10.000   870.00     4.00   -0.13050    0
    fsud   2  4    2.00  3    4.00  1    3.00 10   18.00 11    8.00  0         -7903.90   0.46200  20.4000
         1.4663   -0.000047365   -1182.8  -14.3880         0.0000398    10.000   870.00     4.00   -0.13050    0
     prl   2  3    2.00  1    4.00 10   12.00 11    2.00  0         -5640.64   0.23940  12.8100
         0.7845   -0.000042948    1251.0   -8.4959         0.0000750    10.000   525.00     4.00   -0.07875    0
      ta   2  5    3.00  1    4.00 10   12.00 11    2.00  0         -5897.10   0.26000  13.6250
         0.6222    0.000000000   -6385.5   -3.9163         0.0000370    10.000   480.00     4.00   -0.07200    0
     fta   2  4    3.00  1    4.00 10   12.00 11    2.00  0         -4802.92   0.35200  14.2250
         0.5797    0.000039494   -6459.3   -3.0881         0.0000370    10.000   480.00     4.00   -0.07200    0
    tats   2  5    2.00  3    2.00  1    3.00 10   12.00 11    2.00  0         -5987.99   0.25900  13.5100
         0.5495    0.000036324   -8606.6   -2.5153         0.0000370    10.000   480.00     4.00   -0.07200    0
     kao   2  3    2.00  1    2.00 10    9.00 11    4.00  0         -4122.18   0.20370   9.9340
         0.4367   -0.000034295   -4055.9   -2.6991         0.0000510    10.000   645.00     4.00   -0.09675    0
     pre   1  7    2.00  3    2.00  1    3.00 10   12.00 11    2.00  0         -6203.18   0.29280  14.0260
         0.7249   -0.000013865   -2059.0   -6.3239         0.0000510    10.000   835.00     4.00   -0.12525    0
     chr   3  5    3.00  1    2.00 10    9.00 11    4.00  0         -4359.03   0.22130  10.7460
         0.6247   -0.000020770   -1721.8   -5.6194         0.0000470    10.000   525.00     4.00   -0.07875    0
     atg  48  5   48.00  1   34.00 10  147.00 11   62.00  0        -71424.31   3.59100 175.4800
         9.6210   -0.000091183  -35941.6  -83.0342         0.0000470    10.000   525.00     4.00   -0.07875    0
      ab   1  8    1.00  3    1.00  1    3.00 10    8.00  0         -3934.56   0.21010  10.0060
         0.4520   -0.000013364   -1275.9   -3.9536         0.0000456    10.000   593.00     4.00   -0.08895    1    950   0.01600    0.1240
     abh   1  8    1.00  3    1.00  1    3.00 10    8.00  0         -3924.80   0.22340  10.1090
         0.4520   -0.000013364   -1275.9   -3.9536         0.0000456    10.000   593.00     4.00   -0.08895    0
     mic   1  9    1.00  3    1.00  1    3.00 10    8.00  0         -3975.11   0.21600  10.8920
         0.4488   -0.000010075   -1007.3   -3.9731         0.0000335    10.000   574.00     4.00   -0.08610    0
     san   1  9    1.00  3    1.00  1    3.00 10    8.00  0         -3964.96   0.23000  10.9000
         0.4488   -0.000010075   -1007.3   -3.9731         0.0000335    10.000   574.00     4.00   -0.08610    0
      an   1  7    1.00  3    2.00  1    2.00 10    8.00  0         -4233.48   0.20000  10.0790
         0.3716    0.000012615   -4110.2   -2.0384         0.0000238    10.000   919.00     4.00   -0.13785    1   2300   0.01100    0.0500
       q   1  1    1.00 10    2.00  0          -910.83   0.04150   2.2688
         0.1107   -0.000005189       0.0   -1.1283         0.0000065    10.000   750.00     4.00   -0.11250    1    847   0.00495    0.1188
     trd   1  1    1.00 10    2.00  0          -906.69   0.04610   2.7000
         0.0979   -0.000003350    -636.2   -0.7740         0.0000050    10.000   750.00     4.00   -0.11250    0
    crst   1  1    1.00 10    2.00  0          -905.99   0.04650   2.6100
         0.0979   -0.000003350    -636.2   -0.7740         0.0000081    10.000   600.00     4.00   -0.09000    0
     coe   1  1    1.00 10    2.00  0          -905.47   0.04080   2.0640
         0.0965   -0.000000577    -444.8   -0.7982         0.0000180    10.000  1000.00     4.00   -0.15000    0
     stv   1  1    1.00 10    2.00  0          -875.63   0.02450   1.4014
         0.0681    0.000006010   -1978.2   -0.0821         0.0000250    10.000  3160.00     4.00   -0.47400    0
      ne   1  8    1.00  3    1.00  1    1.00 10    4.00  0         -2095.08   0.12440   5.4190
         0.2727   -0.000012398       0.0   -2.7631         0.0000810    10.000   600.00     4.00   -0.09000    1    467   0.01000    0.0800
    kals   1  9    1.00  3    1.00  1    1.00 10    4.00  0         -2121.92   0.13400   6.0400
         0.2420   -0.000004482    -895.8   -1.9358         0.0000576    10.000   590.00     4.00   -0.08850    0
      lc   1  9    1.00  3    1.00  1    2.00 10    6.00  0         -3029.16   0.20000   8.8280
         0.3698   -0.000016332     684.7   -3.6831         0.0000367    10.000   630.00     4.00   -0.09450    1    938   0.01800    0.4820
      me   4  7    4.00  3    6.00  1    6.00 10   27.00 12    1.00  0        -13843.57   0.75200  33.9850
         1.3590    0.000036442   -8594.7   -9.5982         0.0000316    10.000   870.00     4.00   -0.13050    0
     wrk   1  7    1.00  3    2.00  1    4.00 10   14.00 11    4.00  0         -6666.42   0.37500  19.0400
         0.8383   -0.000021460   -2272.0   -7.2923         0.0000238    10.000  1000.00     4.00   -0.15000    0
     lmt   1  7    1.00  3    2.00  1    4.00 10   16.00 11    8.00  0         -7268.47   0.45700  20.3700
         1.0134   -0.000021413   -2235.8   -8.8067         0.0000238    10.000  1000.00     4.00   -0.15000    0
     heu   1  7    1.00  3    2.00  1    7.00 10   24.00 11   12.00  0        -10599.14   0.66900  31.8000
         1.5048   -0.000033224   -2959.3  -13.2972         0.0000238    10.000  1000.00     4.00   -0.15000    0
    stlb   1  7    1.00  3    2.00  1    7.00 10   25.00 11   14.00  0        -10898.83   0.71000  32.8700
         1.5884   -0.000032043   -3071.6  -13.9669         0.0000238    10.000  1000.00     4.00   -0.15000    0
     anl   1  8    1.00  3    1.00  1    2.00 10    7.00 11    2.00  0         -3309.90   0.23200   9.7400
         0.6435   -0.000016067    9302.3   -9.1796         0.0000500    10.000   400.00     4.00   -0.06000    0
    lime   1  7    1.00 10    1.00  0          -634.95   0.03810   1.6764
         0.0524    0.000003673    -750.7   -0.0510         0.0000665    10.000  1160.00     4.00   -0.17400    0
      ru   1  2    1.00 10    2.00  0          -944.18   0.05060   1.8820
         0.0904    0.000002900       0.0   -0.6238         0.0000443    10.000  2225.00     4.00   -0.33375    0
     per   1  5    1.00 10    1.00  0          -601.60   0.02690   1.1250
         0.0605    0.000000362    -535.8   -0.2992         0.0000620    10.000  1650.00     4.00   -0.24750    0
    mang   1  6    1.00 10    1.00  0          -385.15   0.05970   1.3221
         0.0598    0.000003600     -31.4   -0.2826         0.0000630    10.000  1640.00     4.00   -0.24600    0
     cor   2  3    2.00 10    3.00  0         -1675.25   0.05090   2.5580
         0.1395    0.000005890   -2460.6   -0.5892         0.0000419    10.000  2520.00     4.00   -0.37800    0
     hem   2  4    2.00 10    3.00  0          -825.71   0.08740   3.0274
         0.1639    0.000000000   -2257.2   -0.6576         0.0000599    10.000  1996.00     4.00   -0.29940    1    955   0.01560    0.0000
     NiO   1 15    1.00 10    1.00  0          -239.44   0.03800   1.0970
         0.0477    0.000007824    -392.5    0.0000         0.0000620    10.000  1650.00     4.00   -0.24750    1    520   0.00570    0.0000
     pnt   1  6    1.00  2    1.00 10    3.00  0         -1359.24   0.10490   3.2880
         0.1419    0.000003373   -1940.7   -0.4076         0.0000495    10.000  1770.00     4.00   -0.26550    0
    geik   1  5    1.00  2    1.00 10    3.00  0         -1567.49   0.07460   3.0860
         0.1510    0.000000000   -1890.4   -0.6522         0.0000495    10.000  1770.00     4.00   -0.26550    0
     ilm   1  4    1.00  2    1.00 10    3.00  0         -1231.30   0.10890   3.1690
         0.1389    0.000005081   -1288.8   -0.4637         0.0000495    10.000  1770.00     4.00   -0.26550    1   1900   0.01100    0.0200
     bdy   1 16    1.00 10    2.00  0         -1101.03   0.05040   2.1150
         0.0907    0.000000000    -813.3   -0.4388         0.0000376    10.000  2225.00     4.00   -0.33375    0
      sp   1  5    1.00  3    2.00 10    4.00  0         -2300.72   0.08150   3.9780
         0.2427   -0.000006037   -2315.1   -1.6781         0.0000431    10.000  1945.00     4.00   -0.29175    0
    herc   1  4    1.00  3    2.00 10    4.00  0         -1959.15   0.10750   4.0750
         0.2833   -0.000005376     609.8   -2.7136         0.0000395    10.000  2120.00     4.00   -0.31800    0
      mt   2  4    3.00 10    4.00  0         -1115.51   0.14610   4.4520
         0.2625   -0.000007204   -1926.2   -1.6557         0.0000696    10.000  1850.00     4.00   -0.27750    1    848   0.03500    0.0000
     mft   2  5    1.00  4    2.00 10    4.00  0         -1440.66   0.12650   4.4570
         0.2179    0.000000355   -3108.0   -0.7459         0.0000696    10.000  1850.00     4.00   -0.27750    1    665   0.01290    0.0000
     usp   2  4    2.00  2    1.00 10    4.00  0         -1497.49   0.17500   4.6820
        -0.1026    0.000142520   -9144.5    5.2707         0.0000690    10.000  1850.00     4.00   -0.27750    0
      br   1  5    1.00 10    2.00 11    2.00  0          -924.92   0.06450   2.4630
         0.1584   -0.000004076   -1052.3   -1.1713         0.0001300    10.000   485.00     4.00   -0.07275    0
     dsp   1  3    1.00 10    2.00 11    1.00  0          -999.47   0.03500   1.7760
         0.1451    0.000008709     584.4   -1.7411         0.0000797    10.000  2300.00     4.00   -0.34500    0
     gth   1  4    1.00 10    2.00 11    1.00  0          -561.65   0.06040   2.0820
         0.1393    0.000000147    -212.7   -1.0778         0.0000797    10.000  2300.00     4.00   -0.34500    0
      cc   1  7    1.00 12    1.00 10    3.00  0         -1207.47   0.09250   3.6890
         0.1409    0.000005029    -950.7   -0.8584         0.0000440    10.000   760.00     4.00   -0.11400    1   1240   0.01000    0.0400
    arag   1  7    1.00 10    3.00 12    1.00  0         -1207.58   0.08950   3.4150
         0.1923   -0.000003052    1149.7   -2.1183         0.0001150    10.000   650.00     4.00   -0.09750    1   1240   0.00900    0.0400
     mag   1  5    1.00 10    3.00 12    1.00  0         -1111.36   0.06510   2.8030
         0.1864   -0.000003772       0.0   -1.8862         0.0000648    10.000  1460.00     4.00   -0.21900    0
     sid   1  4    1.00 12    1.00 10    3.00  0          -761.44   0.09500   2.9380
         0.1684    0.000000000       0.0   -1.4836         0.0001100    10.000  1200.00     4.00   -0.18000    0
     rhc   1  6    1.00 12    1.00 10    3.00  0          -891.09   0.09800   3.1070
         0.1695    0.000000000       0.0   -1.5343         0.0000650    10.000   800.00     4.00   -0.12000    0
     dol   1  7    1.00  5    1.00 10    6.00 12    2.00  0         -2324.43   0.15600   6.4340
         0.3589   -0.000004905       0.0   -3.4562         0.0000635    10.000   900.00     4.00   -0.13500    1   1373   0.01300    0.0150
     ank   1  7    1.00  4    1.00 10    6.00 12    2.00  0         -1971.27   0.18700   6.6060
         0.3410   -0.000001161       0.0   -3.0548         0.0000635    10.000   900.00     4.00   -0.13500    1   1273   0.00900    0.0100
     syv   1  9    1.00 13    1.00  0          -436.50   0.08260   3.7520
         0.0462    0.000017970       0.0    0.0000         0.0002470    10.000   170.00     4.00   -0.02550    0
     hlt   1  8    1.00 13    1.00  0          -411.30   0.07210   2.7020
         0.0452    0.000017970       0.0    0.0000         0.0002690    10.000   240.00     4.00   -0.03600    0
    iron   1  4    1.00  0            -0.00   0.02732   0.7092
         0.0462    0.000005158     723.1   -0.5562         0.0000746    10.000  1680.00     4.00   -0.25200    1   1042   0.00830    0.0000
      Ni   1 15    1.00  0             0.00   0.02987   0.6588
         0.0498    0.000000000     585.9   -0.5339         0.0000886    10.000  1870.00     4.00   -0.28050    1    631   0.00300    0.0000
     gph   1 12    1.00  0             0.00   0.00585   0.5298
         0.0510   -0.000004428     488.6   -0.8055         0.0000484    10.000   390.00     4.00   -0.05850    0
    diam   1 12    1.00  0             2.07   0.00230   0.3417
         0.0243    0.000006272    -377.4   -0.2734         0.0000165    10.000  5800.00     4.00   -0.87000    0
     H2O   1 11    2.00 10    1.00  0          -241.81   0.18880   0.0000
         0.0401    0.000008656     487.5   -0.2512         0.0000000     0.000     0.00     0.00    0.00000    0
     CO2   1 12    1.00 10    2.00  0          -393.51   0.21370   0.0000
         0.0878   -0.000002644     706.4   -0.9989         0.0000000     0.000     0.00     0.00    0.00000    0
      CO   1 12    1.00 10    1.00  0          -110.53   0.19767   0.0000
         0.0457   -0.000000097     662.7   -0.4147         0.0000000     0.000     0.00     0.00    0.00000    0
     CH4   1 12    1.00 11    4.00  0           -74.81   0.18626   0.0000
         0.1501    0.000002062    3427.7   -2.6504         0.0000000     0.000     0.00     0.00    0.00000    0
      O2   1 10    2.00  0            -0.00   0.20520   0.0000
         0.0483   -0.000000691     499.2   -0.4207         0.0000000     0.000     0.00     0.00    0.00000    0
      H2   1 11    2.00  0             0.00   0.13070   0.0000
         0.0233    0.000004627       0.0    0.0763         0.0000000     0.000     0.00     0.00    0.00000    0
    syvL   1  9    1.00 13    1.00  0          -416.49   0.09530   3.8570
         0.0669    0.000000000       0.0    0.0000         0.0005000    10.000    59.00     4.00   -0.00885    0
    hltL   1  8    1.00 13    1.00  0          -393.42   0.07970   2.9650
         0.0720   -0.000003223       0.0    0.0000         0.0005000    10.000    66.00     4.00   -0.00990    0
     foL   2  5    2.00  1    1.00 10    4.00  0         -2225.16  -0.05500   4.2430
         0.2679    0.000000000       0.0    0.0000         0.0001450    10.000   730.00     4.00   -0.10950    0
     faL   2  4    2.00  1    1.00 10    4.00  0         -1459.21   0.10250   4.6950
         0.2397    0.000000000       0.0    0.0000         0.0001690    10.000   410.00     4.00   -0.06150    0
    silL   1  3    2.00  1    1.00 10    5.00  0         -2583.10   0.03900   6.4190
         0.2376    0.000000000       0.0    0.0000         0.0000100    10.000   300.00     4.00   -0.04500    0
     anL   1  7    1.00  3    2.00  1    2.00 10    8.00  0         -4257.75   0.05200  10.2060
         0.4175    0.000000000       0.0    0.0000         0.0000490    10.000   200.00     4.00   -0.03000    0
    h2oL   1 11    2.00 10    1.00  0          -295.71   0.04550   1.4140
         0.0800    0.000000000       0.0    0.0000         0.0010790    10.000    40.00     4.00   -0.00600    0
     enL   1  5    2.00  1    2.00 10    6.00  0         -3091.76  -0.00200   6.9000
         0.3549    0.000000000       0.0    0.0000         0.0001290    10.000   260.00     4.00   -0.03900    0
    kspL   1  9    1.00  3    1.00  1    3.00 10    8.00  0         -3992.67   0.12950  11.4680
         0.3673    0.000000000       0.0    0.0000         0.0000600    10.000   260.00     4.00   -0.03900    0
      qL   1  1    1.00 10    2.00  0          -920.85   0.01650   2.6400
         0.0825    0.000000000       0.0    0.0000        -0.0000050    10.000   470.00     4.00   -0.07050    0
     diL   1  7    1.00  5    1.00  1    2.00 10    6.00  0         -3208.18   0.02380   7.3400
         0.3453    0.000000000       0.0    0.0000         0.0001290    10.000   300.00     4.00   -0.04500    0
     abL   1  8    1.00  3    1.00  1    3.00 10    8.00  0         -3934.37   0.14500  10.7100
         0.3585    0.000000000       0.0    0.0000         0.0000450    10.000   390.00     4.00   -0.05850    0